AdaBoostClassifier: 0.7291028355198452
DecisionTreeClassifier: 0.828616079614596
GradientBoostingClassifier: 0.8820583773691844
KNeighborsClassifier: 0.8378302688826285
LogisticRegression: 0.690403240594109
RandomForestClassifier: 0.8673156745403324
